<?xml version="1.0" encoding="utf-8"?>
<COLLADA xmlns="http://www.collada.org/2005/11/COLLADASchema" version="1.4.1">
  <asset><contributor><author></author><authoring_tool>FBX COLLADA exporter</authoring_tool><comments></comments></contributor><created>2014-10-17T15:36:46Z</created><keywords></keywords><modified>2014-10-17T15:36:46Z</modified><revision></revision><subject></subject><title></title><unit meter="0.010000" name="centimeter"></unit><up_axis>Y_UP</up_axis></asset>
  <library_materials>
    <material id="lambert1" name="lambert1">
      <instance_effect url="#lambert1-fx"/>
    </material>
  </library_materials>
  <library_effects>
    <effect id="lambert1-fx" name="lambert1">
      <profile_COMMON>
        <technique sid="standard">
          <lambert>
            <emission>
              <color sid="emission">0.000000  0.000000 0.000000 1.000000</color>
            </emission>
            <ambient>
              <color sid="ambient">0.000000  0.000000 0.000000 1.000000</color>
            </ambient>
            <diffuse>
              <color sid="diffuse">0.400000  0.400000 0.400000 1.000000</color>
            </diffuse>
            <transparent opaque="RGB_ZERO">
              <color sid="transparent">0.000000  0.000000 0.000000 1.000000</color>
            </transparent>
            <transparency>
              <float sid="transparency">1.000000</float>
            </transparency>
          </lambert>
        </technique>
      </profile_COMMON>
    </effect>
  </library_effects>
  <library_geometries>
    <geometry id="polySurface1-lib" name="polySurface1Mesh">
      <mesh>
        <source id="polySurface1-POSITION">
          <float_array id="polySurface1-POSITION-array" count="183">
1.270233 -0.348246 0.348246
5.077171 -0.348246 0.348246
1.270233 0.348246 0.348246
5.077171 0.348246 0.348246
1.270233 0.348246 -0.348246
5.077171 0.348246 -0.348246
1.270233 -0.348246 -0.348246
5.077171 -0.348246 -0.348246
5.119054 -0.234741 -0.234741
5.119054 -0.234741 0.234741
5.119054 0.234741 -0.234741
5.119054 0.234741 0.234741
7.571241 -0.234741 -0.234741
7.571241 -0.234741 0.234741
7.571241 0.234741 -0.234741
7.571241 0.234741 0.234741
7.606588 -0.146054 -0.146054
7.606588 -0.146054 0.146054
7.606588 0.146054 -0.146054
7.606588 0.146054 0.146054
9.250218 -0.146054 -0.146054
9.250218 -0.146054 0.146054
9.250218 0.146054 -0.146054
9.250218 0.146054 0.146054
9.257675 -0.099372 -0.099372
9.257675 -0.099372 0.099372
9.257675 0.099372 -0.099372
9.257675 0.099372 0.099372
10.845625 0.000000 0.000000
2.234174 0.348246 0.348246
2.234174 0.348246 -0.348246
2.234174 -0.348246 -0.348246
2.234174 -0.348246 0.348246
3.650624 0.348246 0.348246
3.650624 0.348246 -0.348246
3.650624 -0.348246 -0.348246
3.650624 -0.348246 0.348246
6.075858 0.234741 0.234741
6.075858 0.234741 -0.234741
6.075858 -0.234741 -0.234741
6.075858 -0.234741 0.234741
7.059175 0.234741 0.234741
7.059175 0.234741 -0.234741
7.059175 -0.234741 -0.234741
7.059175 -0.234741 0.234741
8.174088 0.146054 0.146054
8.174088 0.146054 -0.146054
8.174088 -0.146054 -0.146054
8.174088 -0.146054 0.146054
8.829114 0.146054 0.146054
8.829114 0.146054 -0.146054
8.829114 -0.146054 -0.146054
8.829114 -0.146054 0.146054
-1.270233 -0.797532 1.153437
1.270233 -0.797532 1.153437
-1.270233 0.797532 1.153437
1.270233 0.797532 1.153437
-1.270233 0.797532 -1.153437
1.270233 0.797532 -1.153437
-1.270233 -0.797532 -1.153437
1.270233 -0.797532 -1.153437
</float_array>
          <technique_common>
            <accessor source="#polySurface1-POSITION-array" count="61" stride="3">
              <param name="X" type="float"/>
              <param name="Y" type="float"/>
              <param name="Z" type="float"/>
            </accessor>
          </technique_common>
        </source>
        <source id="polySurface1-Normal0">
          <float_array id="polySurface1-Normal0-array" count="1026">
0.000000 0.000000 1.000000
0.000000 0.000000 1.000000
0.000000 0.000000 1.000000
0.000000 0.000000 1.000000
0.000000 0.000000 1.000000
0.000000 0.000000 1.000000
0.000000 1.000000 0.000000
0.000000 1.000000 0.000000
0.000000 1.000000 0.000000
0.000000 1.000000 0.000000
0.000000 1.000000 0.000000
0.000000 1.000000 0.000000
0.000000 0.000000 -1.000000
0.000000 0.000000 -1.000000
0.000000 0.000000 -1.000000
0.000000 0.000000 -1.000000
0.000000 0.000000 -1.000000
0.000000 0.000000 -1.000000
0.000000 -1.000000 0.000000
0.000000 -1.000000 0.000000
0.000000 -1.000000 0.000000
0.000000 -1.000000 0.000000
0.000000 -1.000000 0.000000
0.000000 -1.000000 0.000000
-1.000000 0.000000 0.000000
-1.000000 0.000000 0.000000
-1.000000 0.000000 0.000000
-1.000000 0.000000 0.000000
-1.000000 0.000000 0.000000
-1.000000 0.000000 0.000000
0.938167 -0.346182 0.000000
0.938167 -0.346182 0.000000
0.938167 -0.346182 0.000000
0.938167 -0.346182 0.000000
0.938167 -0.346182 0.000000
0.938167 -0.346182 0.000000
0.938167 0.000000 -0.346183
0.938167 0.000000 -0.346183
0.938167 0.000000 -0.346183
0.938167 0.000000 -0.346183
0.938167 0.000000 -0.346183
0.938167 0.000000 -0.346183
0.938167 0.346182 0.000000
0.938167 0.346182 0.000000
0.938167 0.346182 0.000000
0.938167 0.346182 0.000000
0.938167 0.346182 0.000000
0.938167 0.346182 0.000000
0.938167 0.000000 0.346183
0.938167 0.000000 0.346183
0.938167 0.000000 0.346183
0.938167 0.000000 0.346183
0.938167 0.000000 0.346183
0.938167 0.000000 0.346183
0.000000 -1.000000 0.000000
0.000000 -1.000000 0.000000
0.000000 -1.000000 0.000000
0.000000 -1.000000 0.000000
0.000000 -1.000000 0.000000
0.000000 -1.000000 0.000000
0.000000 0.000000 -1.000000
0.000000 0.000000 -1.000000
0.000000 0.000000 -1.000000
0.000000 0.000000 -1.000000
0.000000 0.000000 -1.000000
0.000000 0.000000 -1.000000
0.000000 1.000000 0.000000
0.000000 1.000000 0.000000
0.000000 1.000000 0.000000
0.000000 1.000000 0.000000
0.000000 1.000000 0.000000
0.000000 1.000000 0.000000
0.000000 0.000000 1.000000
0.000000 0.000000 1.000000
0.000000 0.000000 1.000000
0.000000 0.000000 1.000000
0.000000 0.000000 1.000000
0.000000 0.000000 1.000000
0.071257 -0.997458 0.000000
0.071257 -0.997458 0.000000
0.928935 -0.370242 0.000000
0.071257 -0.997458 0.000000
0.928935 -0.370242 0.000000
0.928935 -0.370242 0.000000
0.071257 0.000000 -0.997458
0.071257 0.000000 -0.997458
0.928936 0.000000 -0.370240
0.071257 0.000000 -0.997458
0.928936 0.000000 -0.370240
0.928936 0.000000 -0.370240
0.071257 0.997458 0.000000
0.071257 0.997458 0.000000
0.928935 0.370242 0.000000
0.071257 0.997458 0.000000
0.928935 0.370242 0.000000
0.928935 0.370242 0.000000
0.071257 0.000000 0.997458
0.071257 0.000000 0.997458
0.928936 0.000000 0.370240
0.071257 0.000000 0.997458
0.928936 0.000000 0.370240
0.928936 0.000000 0.370240
0.000000 -1.000000 0.000000
-0.000000 -1.000000 0.000000
0.000000 -1.000000 0.000000
-0.000000 -1.000000 0.000000
0.000000 -1.000000 0.000000
-0.000000 -1.000000 0.000000
0.000000 0.000000 -1.000000
-0.000000 0.000000 -1.000000
0.000000 0.000000 -1.000000
-0.000000 0.000000 -1.000000
0.000000 0.000000 -1.000000
-0.000000 0.000000 -1.000000
-0.000000 1.000000 0.000000
0.000000 1.000000 0.000000
0.000000 1.000000 0.000000
0.000000 1.000000 0.000000
-0.000000 1.000000 0.000000
-0.000000 1.000000 0.000000
0.000000 0.000000 1.000000
-0.000000 0.000000 1.000000
0.000000 0.000000 1.000000
-0.000000 0.000000 1.000000
0.000000 0.000000 1.000000
-0.000000 0.000000 1.000000
0.046544 -0.998916 0.000000
0.046544 -0.998916 0.000000
0.987479 -0.157748 0.000000
0.046544 -0.998916 0.000000
0.987479 -0.157748 0.000000
0.987479 -0.157748 0.000000
0.046544 0.000000 -0.998916
0.046544 0.000000 -0.998916
0.987482 0.000000 -0.157735
0.046544 0.000000 -0.998916
0.987482 0.000000 -0.157735
0.987482 0.000000 -0.157735
0.046544 0.998916 0.000000
0.046544 0.998916 0.000000
0.987479 0.157748 0.000000
0.046544 0.998916 0.000000
0.987479 0.157748 0.000000
0.987479 0.157748 0.000000
0.987482 0.000000 0.157735
0.046544 0.000000 0.998916
0.046544 0.000000 0.998916
0.046544 0.000000 0.998916
0.987482 0.000000 0.157735
0.987482 0.000000 0.157735
0.062456 -0.998048 0.000000
0.062456 -0.998048 0.000000
0.062456 -0.998048 0.000000
0.062457 0.000000 -0.998048
0.062457 0.000000 -0.998048
0.062457 0.000000 -0.998048
0.062456 0.998048 0.000000
0.062456 0.998048 0.000000
0.062456 0.998048 0.000000
0.062457 0.000000 0.998048
0.062457 0.000000 0.998048
0.062457 0.000000 0.998048
0.000000 1.000000 0.000000
0.000000 1.000000 0.000000
0.000000 1.000000 0.000000
0.000000 1.000000 0.000000
0.000000 1.000000 0.000000
0.000000 1.000000 0.000000
0.000000 0.000000 -1.000000
0.000000 0.000000 -1.000000
0.000000 0.000000 -1.000000
0.000000 0.000000 -1.000000
0.000000 0.000000 -1.000000
0.000000 0.000000 -1.000000
0.000000 -1.000000 0.000000
0.000000 -1.000000 0.000000
0.000000 -1.000000 0.000000
0.000000 -1.000000 0.000000
0.000000 -1.000000 0.000000
0.000000 -1.000000 0.000000
0.000000 0.000000 1.000000
0.000000 0.000000 1.000000
0.000000 0.000000 1.000000
0.000000 0.000000 1.000000
0.000000 0.000000 1.000000
0.000000 0.000000 1.000000
0.000000 1.000000 0.000000
0.000000 1.000000 0.000000
0.000000 1.000000 0.000000
0.000000 1.000000 0.000000
0.000000 1.000000 0.000000
0.000000 1.000000 0.000000
0.000000 0.000000 -1.000000
0.000000 0.000000 -1.000000
0.000000 0.000000 -1.000000
0.000000 0.000000 -1.000000
0.000000 0.000000 -1.000000
0.000000 0.000000 -1.000000
0.000000 -1.000000 0.000000
0.000000 -1.000000 0.000000
0.000000 -1.000000 0.000000
0.000000 -1.000000 0.000000
0.000000 -1.000000 0.000000
0.000000 -1.000000 0.000000
0.000000 0.000000 1.000000
0.000000 0.000000 1.000000
0.000000 0.000000 1.000000
0.000000 0.000000 1.000000
0.000000 0.000000 1.000000
0.000000 0.000000 1.000000
0.000000 1.000000 0.000000
0.000000 1.000000 0.000000
0.000000 1.000000 0.000000
0.000000 1.000000 0.000000
0.000000 1.000000 0.000000
0.000000 1.000000 0.000000
0.000000 0.000000 -1.000000
0.000000 0.000000 -1.000000
0.000000 0.000000 -1.000000
0.000000 0.000000 -1.000000
0.000000 0.000000 -1.000000
0.000000 0.000000 -1.000000
0.000000 -1.000000 0.000000
0.000000 -1.000000 0.000000
0.000000 -1.000000 0.000000
0.000000 -1.000000 0.000000
0.000000 -1.000000 0.000000
0.000000 -1.000000 0.000000
0.000000 0.000000 1.000000
0.000000 0.000000 1.000000
0.000000 0.000000 1.000000
0.000000 0.000000 1.000000
0.000000 0.000000 1.000000
0.000000 0.000000 1.000000
0.071257 0.997458 0.000000
0.000000 1.000000 0.000000
0.000000 1.000000 0.000000
0.000000 1.000000 0.000000
0.071257 0.997458 0.000000
0.071257 0.997458 0.000000
0.071257 0.000000 -0.997458
0.000000 0.000000 -1.000000
0.071257 0.000000 -0.997458
0.000000 0.000000 -1.000000
0.000000 0.000000 -1.000000
0.071257 0.000000 -0.997458
0.071257 -0.997458 0.000000
0.000000 -1.000000 0.000000
0.071257 -0.997458 0.000000
0.000000 -1.000000 0.000000
0.000000 -1.000000 0.000000
0.071257 -0.997458 0.000000
0.071257 0.000000 0.997458
0.000000 0.000000 1.000000
0.071257 0.000000 0.997458
0.000000 0.000000 1.000000
0.000000 0.000000 1.000000
0.071257 0.000000 0.997458
-0.000000 1.000000 0.000000
-0.000000 1.000000 0.000000
-0.000000 1.000000 0.000000
-0.000000 1.000000 0.000000
-0.000000 1.000000 0.000000
-0.000000 1.000000 0.000000
-0.000000 0.000000 -1.000000
-0.000000 0.000000 -1.000000
-0.000000 0.000000 -1.000000
-0.000000 0.000000 -1.000000
-0.000000 0.000000 -1.000000
-0.000000 0.000000 -1.000000
-0.000000 -1.000000 0.000000
-0.000000 -1.000000 0.000000
-0.000000 -1.000000 0.000000
-0.000000 -1.000000 0.000000
-0.000000 -1.000000 0.000000
-0.000000 -1.000000 0.000000
-0.000000 0.000000 1.000000
-0.000000 0.000000 1.000000
-0.000000 0.000000 1.000000
-0.000000 0.000000 1.000000
-0.000000 0.000000 1.000000
-0.000000 0.000000 1.000000
0.046544 0.998916 0.000000
-0.000000 1.000000 0.000000
-0.000000 1.000000 0.000000
-0.000000 1.000000 0.000000
0.046544 0.998916 0.000000
0.046544 0.998916 0.000000
0.046544 0.000000 -0.998916
-0.000000 0.000000 -1.000000
0.046544 0.000000 -0.998916
-0.000000 0.000000 -1.000000
-0.000000 0.000000 -1.000000
0.046544 0.000000 -0.998916
0.046544 -0.998916 0.000000
-0.000000 -1.000000 0.000000
0.046544 -0.998916 0.000000
-0.000000 -1.000000 0.000000
-0.000000 -1.000000 0.000000
0.046544 -0.998916 0.000000
0.046544 0.000000 0.998916
-0.000000 0.000000 1.000000
0.046544 0.000000 0.998916
-0.000000 0.000000 1.000000
-0.000000 0.000000 1.000000
0.046544 0.000000 0.998916
0.000000 0.000000 1.000000
0.000000 0.000000 1.000000
0.000000 0.000000 1.000000
0.000000 0.000000 1.000000
0.000000 0.000000 1.000000
0.000000 0.000000 1.000000
0.000000 1.000000 0.000000
0.000000 1.000000 0.000000
0.000000 1.000000 0.000000
0.000000 1.000000 0.000000
0.000000 1.000000 0.000000
0.000000 1.000000 0.000000
0.000000 0.000000 -1.000000
0.000000 0.000000 -1.000000
0.000000 0.000000 -1.000000
0.000000 0.000000 -1.000000
0.000000 0.000000 -1.000000
0.000000 0.000000 -1.000000
0.000000 -1.000000 0.000000
0.000000 -1.000000 0.000000
0.000000 -1.000000 0.000000
0.000000 -1.000000 0.000000
0.000000 -1.000000 0.000000
0.000000 -1.000000 0.000000
1.000000 0.000000 0.000000
1.000000 0.000000 0.000000
1.000000 0.000000 0.000000
1.000000 0.000000 0.000000
1.000000 0.000000 0.000000
1.000000 0.000000 0.000000
-1.000000 0.000000 0.000000
-1.000000 0.000000 0.000000
-1.000000 0.000000 0.000000
-1.000000 0.000000 0.000000
-1.000000 0.000000 0.000000
-1.000000 0.000000 0.000000
</float_array>
          <technique_common>
            <accessor source="#polySurface1-Normal0-array" count="342" stride="3">
              <param name="X" type="float"/>
              <param name="Y" type="float"/>
              <param name="Z" type="float"/>
            </accessor>
          </technique_common>
        </source>
        <source id="polySurface1-UV0">
          <float_array id="polySurface1-UV0-array" count="150">
0.375000 0.000000
0.625000 0.000000
0.375000 0.250000
0.625000 0.250000
0.375000 0.500000
0.625000 0.500000
0.375000 0.750000
0.625000 0.750000
0.375000 1.000000
0.625000 1.000000
0.875000 0.000000
0.875000 0.250000
0.125000 0.000000
0.125000 0.250000
0.625000 0.000000
0.875000 0.000000
0.875000 0.250000
0.625000 0.250000
0.625000 0.000000
0.875000 0.000000
0.875000 0.250000
0.625000 0.250000
0.625000 0.000000
0.875000 0.000000
0.875000 0.250000
0.625000 0.250000
0.625000 0.000000
0.875000 0.000000
0.875000 0.250000
0.625000 0.250000
0.625000 0.000000
0.875000 0.000000
0.875000 0.250000
0.625000 0.250000
0.750000 0.125000
0.438302 0.250000
0.438302 0.500000
0.438302 0.750000
0.438302 0.000000
0.438302 1.000000
0.531319 0.250000
0.531319 0.500000
0.531319 0.750000
0.531319 0.000000
0.531319 1.000000
0.625000 0.250000
0.875000 0.250000
0.875000 0.000000
0.625000 0.000000
0.625000 0.250000
0.875000 0.250000
0.875000 0.000000
0.625000 0.000000
0.625000 0.250000
0.875000 0.250000
0.875000 0.000000
0.625000 0.000000
0.625000 0.250000
0.875000 0.250000
0.875000 0.000000
0.625000 0.000000
0.375000 0.000000
0.625000 0.000000
0.625000 0.250000
0.375000 0.250000
0.625000 0.500000
0.375000 0.500000
0.625000 0.750000
0.375000 0.750000
0.625000 1.000000
0.375000 1.000000
0.875000 0.000000
0.875000 0.250000
0.125000 0.000000
0.125000 0.250000
</float_array>
          <technique_common>
            <accessor source="#polySurface1-UV0-array" count="75" stride="2">
              <param name="S" type="float"/>
              <param name="T" type="float"/>
            </accessor>
          </technique_common>
        </source>
        <vertices id="polySurface1-VERTEX">
          <input semantic="POSITION" source="#polySurface1-POSITION"/>
        </vertices>
        <triangles count="114" material="lambert1"><input semantic="VERTEX" offset="0" source="#polySurface1-VERTEX"/><input semantic="NORMAL" offset="1" source="#polySurface1-Normal0"/><input semantic="TEXCOORD" offset="2" set="0" source="#polySurface1-UV0"/><p> 29 0 35 2 1 2 0 2 0 29 3 35 0 4 0 32 5 38 29 6 35 30 7 36 2 8 2 2 9 2 30 10 36 4 11 4 31 12 37 6 13 6 4 14 4 31 15 37 4 16 4 30 17 36 32 18 39 0 19 8 6 20 6 32 21 39 6 22 6 31 23 37 2 24 2 6 25 12 0 26 0 6 27 12 2 28 2 4 29 13 1 30 1 7 31 10 8 32 15 1 33 1 8 34 15 9 35 14 7 36 10 5 37 11 10 38 16 7 39 10 10 40 16 8 41 15 5 42 11 3 43 3 11 44 17 5 45 11 11 46 17 10 47 16 3 48 3 1 49 1 9 50 14 3 51 3 9 52 14 11 53 17 8 54 15 39 55 47 9 56 14 40 57 48 9 58 14 39 59 47 10 60 16 38 61 46 8 62 15 39 63 47 8 64 15 38 65 46 37 66 45 10 67 16 11 68 17 10 69 16 37 70 45 38 71 46 9 72 14 40 73 48 11 74 17 37 75 45 11 76 17 40 77 48 13 78 18 12 79 19 16 80 23 13 81 18 16 82 23 17 83 22 12 84 19 14 85 20 18 86 24 12 87 19 18 88 24 16 89 23 14 90 20 15 91 21 19 92 25 14 93 20 19 94 25 18 95 24 15 96 21 13 97 18 17 98 22 15 99 21 17 100 22 19 101 25 16 102 23 47 103 55 17 104 22 48 105 56 17 106 22 47 107 55 18 108 24 46 109 54 16 110 23 47 111 55 16 112 23 46 113 54 45 114 53 18 115 24 19 116 25 18 117 24 45 118 53 46 119 54 17 120 22 48 121 56 19 122 25 45 123 53 19 124 25 48 125 56 21 126 26 20 127 27 24 128 31 21 129 26 24 130 31 25 131 30 20 132 27 22 133 28 26 134 32 20 135 27 26 136 32 24 137 31 22 138 28 23 139 29 27 140 33 22 141 28 27 142 33 26 143 32 25 144 30 23 145 29 21 146 26 23 147 29 25 148 30 27 149 33 25 150 30 24 151 31 28 152 34 24 153 31 26 154 32 28 155 34 26 156 32 27 157 33 28 158 34 27 159 33 25 160 30 28 161 34 29 162 35 33 163 40 34 164 41 29 165 35 34 166 41 30 167 36 30 168 36 34 169 41 31 170 37 35 171 42 31 172 37 34 173 41 31 174 37 35 175 42 32 176 39 36 177 44 32 178 39 35 179 42 32 180 38 36 181 43 29 182 35 33 183 40 29 184 35 36 185 43 33 186 40 3 187 3 5 188 5 33 189 40 5 190 5 34 191 41 34 192 41 5 193 5 35 194 42 7 195 7 35 196 42 5 197 5 35 198 42 7 199 7 36 200 44 1 201 9 36 202 44 7 203 7 36 204 43 1 205 1 33 206 40 3 207 3 33 208 40 1 209 1 41 210 49 38 211 46 37 212 45 38 213 46 41 214 49 42 215 50 38 216 46 42 217 50 39 218 47 43 219 51 39 220 47 42 221 50 39 222 47 43 223 51 40 224 48 44 225 52 40 226 48 43 227 51 40 228 48 44 229 52 37 230 45 41 231 49 37 232 45 44 233 52 15 234 21 42 235 50 41 236 49 42 237 50 15 238 21 14 239 20 12 240 19 43 241 51 14 242 20 43 243 51 42 244 50 14 245 20 13 246 18 44 247 52 12 248 19 44 249 52 43 250 51 12 251 19 15 252 21 41 253 49 13 254 18 41 255 49 44 256 52 13 257 18 49 258 57 46 259 54 45 260 53 46 261 54 49 262 57 50 263 58 46 264 54 50 265 58 47 266 55 51 267 59 47 268 55 50 269 58 47 270 55 51 271 59 48 272 56 52 273 60 48 274 56 51 275 59 48 276 56 52 277 60 45 278 53 49 279 57 45 280 53 52 281 60 23 282 29 50 283 58 49 284 57 50 285 58 23 286 29 22 287 28 20 288 27 51 289 59 22 290 28 51 291 59 50 292 58 22 293 28 21 294 26 52 295 60 20 296 27 52 297 60 51 298 59 20 299 27 23 300 29 49 301 57 21 302 26 49 303 57 52 304 60 21 305 26 56 306 63 55 307 64 53 308 61 56 309 63 53 310 61 54 311 62 56 312 63 58 313 65 55 314 64 55 315 64 58 316 65 57 317 66 60 318 67 59 319 68 57 320 66 60 321 67 57 322 66 58 323 65 54 324 69 53 325 70 59 326 68 54 327 69 59 328 68 60 329 67 56 330 63 54 331 62 58 332 72 54 333 62 60 334 71 58 335 72 55 336 64 59 337 73 53 338 61 59 339 73 55 340 64 57 341 74</p></triangles>
      </mesh>
    </geometry>
  </library_geometries>
  <library_controllers>
    <controller id="polySurface1Controller">
      <skin source="#polySurface1-lib">
        <bind_shape_matrix>1.000000 -0.000000 0.000000 0.000000 0.000000 1.000000 -0.000000 0.000000 0.000000 0.000000 1.000000 0.000000 0.000000 0.000000 0.000000 1.000000
</bind_shape_matrix>
        <source id="polySurface1Controller-Joints">
          <Name_array id="polySurface1Controller-Joints-array" count="6">
 joint1 joint2 joint3 joint4 joint5 joint6</Name_array>
          <technique_common>
            <accessor source="#polySurface1Controller-Joints-array" count="6">
              <param type="name"/>
            </accessor>
          </technique_common>
        </source>
        <source id="polySurface1Controller-Matrices">
          <float_array id="polySurface1Controller-Matrices-array" count="96">

0.999962 -0.000000 0.008772 1.240804 -0.000000 1.000000 -0.000000 -0.000000 -0.008772 -0.000000 0.999962 -0.010884 0.000000 0.000000 0.000000 1.000000
0.999984 -0.000000 0.005618 -1.240314 -0.000000 1.000000 -0.000000 -0.000000 -0.005618 -0.000000 0.999984 -0.014796 0.000000 0.000000 0.000000 1.000000
1.000000 -0.000000 0.000000 -5.114152 -0.000000 1.000000 -0.000000 -0.000000 -0.000000 -0.000000 1.000000 -0.043527 0.000000 0.000000 0.000000 1.000000
0.999916 -0.000000 -0.012986 -7.615771 -0.000000 1.000000 -0.000000 -0.000000 0.012986 -0.000000 0.999916 -0.142437 0.000000 0.000000 0.000000 1.000000
1.000000 -0.000000 -0.000000 -9.292784 -0.000000 1.000000 -0.000000 -0.000000 0.000000 -0.000000 1.000000 -0.021764 0.000000 0.000000 0.000000 1.000000
1.000000 -0.000000 -0.000000 -10.685662 -0.000000 1.000000 -0.000000 -0.000000 0.000000 -0.000000 1.000000 -0.021764 0.000000 0.000000 0.000000 1.000000</float_array>
          <technique_common>
            <accessor source="#polySurface1Controller-Matrices-array" count="6" stride="16">
              <param type="float4x4"/>
            </accessor>
          </technique_common>
        </source>
        <source id="polySurface1Controller-Weights">
          <float_array id="polySurface1Controller-Weights-array" count="149">

1.000000 0.497708 0.502154 0.502545 0.496761 0.497708 0.502154 0.502545 0.496761 0.498403 0.501421 0.502223 0.496654 0.498403 0.501421 0.502223
0.496654 0.499768 0.499949 0.499801 0.500063 0.499768 0.499949 0.499801 0.500063 0.507188 0.491549 0.510965 0.488418 0.507188 0.491549 0.510965
0.488418 0.500813 0.498931 0.501652 0.498268 0.500813 0.498931 0.501652 0.498268 0.515907 0.483632 0.525786 0.473954 0.515907 0.483632 0.525786
0.473954 0.522221 0.477661 0.539484 0.460465 0.522221 0.477661 0.539484 0.460465 0.499969 0.499969 0.032874 0.966378 0.042396 0.956604 0.042396
0.956604 0.032874 0.966378 0.001305 0.989893 0.008569 0.001928 0.985571 0.012155 0.001928 0.985571 0.012155 0.001305 0.989893 0.008569 0.008054
0.990484 0.001368 0.015422 0.981641 0.002742 0.015422 0.981641 0.002742 0.008054 0.990484 0.001368 0.949921 0.049193 0.001050 0.916462 0.081780
0.001050 0.916462 0.081780 0.949921 0.049193 0.009417 0.989879 0.021523 0.976654 0.001719 0.021523 0.976654 0.001719 0.009417 0.989879 0.980066
0.019285 0.001097 0.962134 0.036546 0.001097 0.962134 0.036546 0.980066 0.019285 0.943114 0.054035 0.002009 0.495647 0.496332 0.006580 0.001026
0.943114 0.054035 0.002009 0.495647 0.496332 0.006580 0.001026 0.944359 0.052808 0.001993 0.495518 0.495787 0.007112 0.001125 0.944359 0.052808
0.001993 0.495518 0.495787 0.007112 0.001125</float_array>
          <technique_common>
            <accessor source="#polySurface1Controller-Weights-array" count="149">
              <param type="float"/>
            </accessor>
          </technique_common>
        </source>
        <joints>
          <input semantic="JOINT" source="#polySurface1Controller-Joints"/>
          <input semantic="INV_BIND_MATRIX" source="#polySurface1Controller-Matrices"/>
        </joints>
        <vertex_weights count="61">
          <input semantic="JOINT" offset="0" source="#polySurface1Controller-Joints"/>
          <input semantic="WEIGHT" offset="1" source="#polySurface1Controller-Weights"/>
          <vcount>2 2 2 2 2 2 2 2 2 2 2 2 2 2 2 2 2 2 2 2 2 2 2 2 2 2 2 2 2 2 2 2 2 3 3 3 3 3 3 3 3 2 3 3 2 2 3 3 2 2 3 3 2 3 4 3 4 3 4 3 4</vcount>
          <v>0 1 1 2 1 3 2 4 0 5 1 6 1 7 2 8 0 9 1 10 1 11 2 12 0 13 1 14 1 15 2 16 1 17 2 18 1 19 2 20 1 21 2 22 1 23 2 24 2 25 3 26 2 27 3 28 2 29 3 30 2 31 3 32 2 33 3 34 2 35 3 36 2 37 3 38 2 39 3 40 3 41 4 42 3 43 4 44 3 45 4 46 3 47 4 48 3 49 4 50 3 51 4 52 3 53 4 54 3 55 4 56 4 57 5 58 0 59 1 60 0 61 1 62 0 63 1 64 0 65 1 66 0 67 1 68 2 69 0 70 1 71 2 72 0 73 1 74 2 75 0 76 1 77 2 78 1 79 2 80 3 81 1 82 2 83 3 84 1 85 2 86 3 87 1 88 2 89 3 90 2 91 3 92 1 93 2 94 3 95 1 96 2 97 3 98 2 99 3 100 2 101 3 102 2 103 3 104 4 105 2 106 3 107 4 108 2 109 3 110 3 111 4 112 2 113 3 114 4 115 2 116 3 117 4 118 3 119 4 120 0 121 1 122 2 123 0 124 1 125 2 126 3 127 0 128 1 129 2 130 0 131 1 132 2 133 3 134 0 135 1 136 2 137 0 138 1 139 2 140 3 141 0 142 1 143 2 144 0 145 1 146 2 147 3 148</v>
        </vertex_weights>
      </skin>
    </controller>
  </library_controllers>
  <library_animations>
    <animation id="joint2-anim" name="joint2"><animation><source id="joint2-Matrix-animation-input"><float_array id="joint2-Matrix-animation-input-array" count="195">

0.041667 0.083333 0.125000 0.166667 0.208333 0.250000 0.291667 0.333333 0.375000 0.416667 0.458333 0.500000 0.541667 0.583333 0.625000 0.666667
0.708333 0.750000 0.791667 0.833333 0.875000 0.916667 0.958333 1.000000 1.041667 1.083333 1.125000 1.166667 1.208333 1.250000 1.291667 1.333333
1.375000 1.416667 1.458333 1.500000 1.541667 1.583333 1.625000 1.666667 1.708333 1.750000 1.791667 1.833333 1.875000 1.916667 1.958333 2.000000
2.041667 2.083333 2.125000 2.166667 2.208333 2.250000 2.291667 2.333333 2.375000 2.416667 2.458333 2.500000 2.541667 2.583333 2.625000 2.666667
2.708333 2.750000 2.791667 2.833333 2.875000 2.916667 2.958333 3.000000 3.041667 3.083333 3.125000 3.166667 3.208333 3.250000 3.291667 3.333333
3.375000 3.416667 3.458333 3.500000 3.541667 3.583333 3.625000 3.666667 3.708333 3.750000 3.791667 3.833333 3.875000 3.916667 3.958333 4.000000
4.041667 4.083333 4.125000 4.166667 4.208333 4.250000 4.291667 4.333333 4.375000 4.416667 4.458333 4.500000 4.541667 4.583333 4.625000 4.666667
4.708333 4.750000 4.791667 4.833333 4.875000 4.916667 4.958333 5.000000 5.041667 5.083333 5.125000 5.166667 5.208333 5.250000 5.291667 5.333333
5.375000 5.416667 5.458333 5.500000 5.541667 5.583333 5.625000 5.666667 5.708333 5.750000 5.791667 5.833333 5.875000 5.916667 5.958333 6.000000
6.041667 6.083333 6.125000 6.166667 6.208333 6.250000 6.291667 6.333333 6.375000 6.416667 6.458333 6.500000 6.541667 6.583333 6.625000 6.666667
6.708333 6.750000 6.791667 6.833333 6.875000 6.916667 6.958333 7.000000 7.041667 7.083333 7.125000 7.166667 7.208333 7.250000 7.291667 7.333333
7.375000 7.416667 7.458333 7.500000 7.541667 7.583333 7.625000 7.666667 7.708333 7.750000 7.791667 7.833333 7.875000 7.916667 7.958333 8.000000
8.041667 8.083333 8.125000</float_array><technique_common><accessor source="#joint2-Matrix-animation-input-array" count="195"><param name="TIME" type="float"/></accessor></technique_common></source><source id="joint2-Matrix-animation-output-transform"><float_array id="joint2-Matrix-animation-output-transform-array" count="3120">

0.951503 0.000000 0.307640 2.481158 0.000000 1.000000 0.000000 0.000000 -0.307640 0.000000 0.951503 0.000000 0.000000 0.000000 0.000000 1.000000
0.951578 0.000000 0.307407 2.481158 0.000000 1.000000 0.000000 0.000000 -0.307407 0.000000 0.951578 0.000000 0.000000 0.000000 0.000000 1.000000
0.951802 0.000000 0.306714 2.481158 0.000000 1.000000 0.000000 0.000000 -0.306714 0.000000 0.951802 0.000000 0.000000 0.000000 0.000000 1.000000
0.952169 0.000000 0.305572 2.481158 0.000000 1.000000 0.000000 0.000000 -0.305572 0.000000 0.952169 0.000000 0.000000 0.000000 0.000000 1.000000
0.952676 0.000000 0.303988 2.481158 0.000000 1.000000 0.000000 0.000000 -0.303988 0.000000 0.952676 0.000000 0.000000 0.000000 0.000000 1.000000
0.953317 0.000000 0.301971 2.481158 0.000000 1.000000 0.000000 0.000000 -0.301971 0.000000 0.953317 0.000000 0.000000 0.000000 0.000000 1.000000
0.954087 0.000000 0.299531 2.481158 0.000000 1.000000 0.000000 0.000000 -0.299531 0.000000 0.954087 0.000000 0.000000 0.000000 0.000000 1.000000
0.954979 0.000000 0.296675 2.481158 0.000000 1.000000 0.000000 0.000000 -0.296675 0.000000 0.954979 0.000000 0.000000 0.000000 0.000000 1.000000
0.955986 0.000000 0.293412 2.481158 0.000000 1.000000 0.000000 0.000000 -0.293412 0.000000 0.955986 0.000000 0.000000 0.000000 0.000000 1.000000
0.957102 0.000000 0.289750 2.481158 0.000000 1.000000 0.000000 0.000000 -0.289750 0.000000 0.957102 0.000000 0.000000 0.000000 0.000000 1.000000
0.958320 0.000000 0.285698 2.481158 0.000000 1.000000 0.000000 0.000000 -0.285698 0.000000 0.958320 0.000000 0.000000 0.000000 0.000000 1.000000
0.959631 0.000000 0.281263 2.481158 0.000000 1.000000 0.000000 0.000000 -0.281263 0.000000 0.959631 0.000000 0.000000 0.000000 0.000000 1.000000
0.961027 0.000000 0.276454 2.481158 0.000000 1.000000 0.000000 0.000000 -0.276454 0.000000 0.961027 0.000000 0.000000 0.000000 0.000000 1.000000
0.962501 0.000000 0.271279 2.481158 0.000000 1.000000 0.000000 0.000000 -0.271279 0.000000 0.962501 0.000000 0.000000 0.000000 0.000000 1.000000
0.964043 0.000000 0.265746 2.481158 0.000000 1.000000 0.000000 0.000000 -0.265746 0.000000 0.964043 0.000000 0.000000 0.000000 0.000000 1.000000
0.965646 0.000000 0.259863 2.481158 0.000000 1.000000 0.000000 0.000000 -0.259863 0.000000 0.965646 0.000000 0.000000 0.000000 0.000000 1.000000
0.967299 0.000000 0.253638 2.481158 0.000000 1.000000 0.000000 0.000000 -0.253638 0.000000 0.967299 0.000000 0.000000 0.000000 0.000000 1.000000
0.968995 0.000000 0.247079 2.481158 0.000000 1.000000 0.000000 0.000000 -0.247079 0.000000 0.968995 0.000000 0.000000 0.000000 0.000000 1.000000
0.970725 0.000000 0.240195 2.481158 0.000000 1.000000 0.000000 0.000000 -0.240195 0.000000 0.970725 0.000000 0.000000 0.000000 0.000000 1.000000
0.972478 0.000000 0.232994 2.481158 0.000000 1.000000 0.000000 0.000000 -0.232994 0.000000 0.972478 0.000000 0.000000 0.000000 0.000000 1.000000
0.974247 0.000000 0.225484 2.481158 0.000000 1.000000 0.000000 0.000000 -0.225484 0.000000 0.974247 0.000000 0.000000 0.000000 0.000000 1.000000
0.976021 0.000000 0.217675 2.481158 0.000000 1.000000 0.000000 0.000000 -0.217675 0.000000 0.976021 0.000000 0.000000 0.000000 0.000000 1.000000
0.977793 0.000000 0.209574 2.481158 0.000000 1.000000 0.000000 0.000000 -0.209574 0.000000 0.977793 0.000000 0.000000 0.000000 0.000000 1.000000
0.979552 0.000000 0.201190 2.481158 0.000000 1.000000 0.000000 0.000000 -0.201190 0.000000 0.979552 0.000000 0.000000 0.000000 0.000000 1.000000
0.981290 0.000000 0.192533 2.481158 0.000000 1.000000 0.000000 0.000000 -0.192533 0.000000 0.981290 0.000000 0.000000 0.000000 0.000000 1.000000
0.982999 0.000000 0.183612 2.481158 0.000000 1.000000 0.000000 0.000000 -0.183612 0.000000 0.982999 0.000000 0.000000 0.000000 0.000000 1.000000
0.984669 0.000000 0.174435 2.481158 0.000000 1.000000 0.000000 0.000000 -0.174435 0.000000 0.984669 0.000000 0.000000 0.000000 0.000000 1.000000
0.986292 0.000000 0.165012 2.481158 0.000000 1.000000 0.000000 0.000000 -0.165012 0.000000 0.986292 0.000000 0.000000 0.000000 0.000000 1.000000
0.987859 0.000000 0.155353 2.481158 0.000000 1.000000 0.000000 0.000000 -0.155353 0.000000 0.987859 0.000000 0.000000 0.000000 0.000000 1.000000
0.989363 0.000000 0.145467 2.481158 0.000000 1.000000 0.000000 0.000000 -0.145467 0.000000 0.989363 0.000000 0.000000 0.000000 0.000000 1.000000
0.990796 0.000000 0.135365 2.481158 0.000000 1.000000 0.000000 0.000000 -0.135365 0.000000 0.990796 0.000000 0.000000 0.000000 0.000000 1.000000
0.992150 0.000000 0.125056 2.481158 0.000000 1.000000 0.000000 0.000000 -0.125056 0.000000 0.992150 0.000000 0.000000 0.000000 0.000000 1.000000
0.993417 0.000000 0.114550 2.481158 0.000000 1.000000 0.000000 0.000000 -0.114550 0.000000 0.993417 0.000000 0.000000 0.000000 0.000000 1.000000
0.994592 0.000000 0.103859 2.481158 0.000000 1.000000 0.000000 0.000000 -0.103859 0.000000 0.994592 0.000000 0.000000 0.000000 0.000000 1.000000
0.995667 0.000000 0.092992 2.481158 0.000000 1.000000 0.000000 0.000000 -0.092992 0.000000 0.995667 0.000000 0.000000 0.000000 0.000000 1.000000
0.996636 0.000000 0.081960 2.481158 0.000000 1.000000 0.000000 0.000000 -0.081960 0.000000 0.996636 0.000000 0.000000 0.000000 0.000000 1.000000
0.997492 0.000000 0.070774 2.481158 0.000000 1.000000 0.000000 0.000000 -0.070774 0.000000 0.997492 0.000000 0.000000 0.000000 0.000000 1.000000
0.998232 0.000000 0.059445 2.481158 0.000000 1.000000 0.000000 0.000000 -0.059445 0.000000 0.998232 0.000000 0.000000 0.000000 0.000000 1.000000
0.998848 0.000000 0.047984 2.481158 0.000000 1.000000 0.000000 0.000000 -0.047984 0.000000 0.998848 0.000000 0.000000 0.000000 0.000000 1.000000
0.999337 0.000000 0.036402 2.481158 0.000000 1.000000 0.000000 0.000000 -0.036402 0.000000 0.999337 0.000000 0.000000 0.000000 0.000000 1.000000
0.999695 0.000000 0.024711 2.481158 0.000000 1.000000 0.000000 0.000000 -0.024711 0.000000 0.999695 0.000000 0.000000 0.000000 0.000000 1.000000
0.999917 0.000000 0.012922 2.481158 0.000000 1.000000 0.000000 0.000000 -0.012922 0.000000 0.999917 0.000000 0.000000 0.000000 0.000000 1.000000
0.999999 0.000000 0.001047 2.481158 0.000000 1.000000 0.000000 0.000000 -0.001047 0.000000 0.999999 0.000000 0.000000 0.000000 0.000000 1.000000
0.999941 0.000000 -0.010904 2.481158 0.000000 1.000000 0.000000 0.000000 0.010904 0.000000 0.999941 0.000000 0.000000 0.000000 0.000000 1.000000
0.999737 0.000000 -0.022917 2.481158 0.000000 1.000000 0.000000 0.000000 0.022917 0.000000 0.999737 0.000000 0.000000 0.000000 0.000000 1.000000
0.999388 0.000000 -0.034982 2.481158 0.000000 1.000000 0.000000 0.000000 0.034982 0.000000 0.999388 0.000000 0.000000 0.000000 0.000000 1.000000
0.998891 0.000000 -0.047086 2.481158 0.000000 1.000000 0.000000 0.000000 0.047086 0.000000 0.998891 0.000000 0.000000 0.000000 0.000000 1.000000
0.998245 0.000000 -0.059218 2.481158 0.000000 1.000000 0.000000 0.000000 0.059218 0.000000 0.998245 0.000000 0.000000 0.000000 0.000000 1.000000
0.997450 0.000000 -0.071367 2.481158 0.000000 1.000000 0.000000 0.000000 0.071367 0.000000 0.997450 0.000000 0.000000 0.000000 0.000000 1.000000
0.996506 0.000000 -0.083519 2.481158 0.000000 1.000000 0.000000 0.000000 0.083519 0.000000 0.996506 0.000000 0.000000 0.000000 0.000000 1.000000
0.995414 0.000000 -0.095664 2.481158 0.000000 1.000000 0.000000 0.000000 0.095664 0.000000 0.995414 0.000000 0.000000 0.000000 0.000000 1.000000
0.994174 0.000000 -0.107790 2.481158 0.000000 1.000000 0.000000 0.000000 0.107790 0.000000 0.994174 0.000000 0.000000 0.000000 0.000000 1.000000
0.992788 0.000000 -0.119886 2.481158 0.000000 1.000000 0.000000 0.000000 0.119886 0.000000 0.992788 0.000000 0.000000 0.000000 0.000000 1.000000
0.991258 0.000000 -0.131938 2.481158 0.000000 1.000000 0.000000 0.000000 0.131938 0.000000 0.991258 0.000000 0.000000 0.000000 0.000000 1.000000
0.989587 0.000000 -0.143937 2.481158 0.000000 1.000000 0.000000 0.000000 0.143937 0.000000 0.989587 0.000000 0.000000 0.000000 0.000000 1.000000
0.987777 0.000000 -0.155871 2.481158 0.000000 1.000000 0.000000 0.000000 0.155871 0.000000 0.987777 0.000000 0.000000 0.000000 0.000000 1.000000
0.985833 0.000000 -0.167727 2.481158 0.000000 1.000000 0.000000 0.000000 0.167727 0.000000 0.985833 0.000000 0.000000 0.000000 0.000000 1.000000
0.983759 0.000000 -0.179496 2.481158 0.000000 1.000000 0.000000 0.000000 0.179496 0.000000 0.983759 0.000000 0.000000 0.000000 0.000000 1.000000
0.981558 0.000000 -0.191166 2.481158 0.000000 1.000000 0.000000 0.000000 0.191166 0.000000 0.981558 0.000000 0.000000 0.000000 0.000000 1.000000
0.979235 0.000000 -0.202726 2.481158 0.000000 1.000000 0.000000 0.000000 0.202726 0.000000 0.979235 0.000000 0.000000 0.000000 0.000000 1.000000
0.976797 0.000000 -0.214166 2.481158 0.000000 1.000000 0.000000 0.000000 0.214166 0.000000 0.976797 0.000000 0.000000 0.000000 0.000000 1.000000
0.974249 0.000000 -0.225474 2.481158 0.000000 1.000000 0.000000 0.000000 0.225474 0.000000 0.974249 0.000000 0.000000 0.000000 0.000000 1.000000
0.971597 0.000000 -0.236641 2.481158 0.000000 1.000000 0.000000 0.000000 0.236641 0.000000 0.971597 0.000000 0.000000 0.000000 0.000000 1.000000
0.968848 0.000000 -0.247656 2.481158 0.000000 1.000000 0.000000 0.000000 0.247656 0.000000 0.968848 0.000000 0.000000 0.000000 0.000000 1.000000
0.966009 0.000000 -0.258510 2.481158 0.000000 1.000000 0.000000 0.000000 0.258510 0.000000 0.966009 0.000000 0.000000 0.000000 0.000000 1.000000
0.963087 0.000000 -0.269192 2.481158 0.000000 1.000000 0.000000 0.000000 0.269192 0.000000 0.963087 0.000000 0.000000 0.000000 0.000000 1.000000
0.960090 0.000000 -0.279693 2.481158 0.000000 1.000000 0.000000 0.000000 0.279693 0.000000 0.960090 0.000000 0.000000 0.000000 0.000000 1.000000
0.957026 0.000000 -0.290003 2.481158 0.000000 1.000000 0.000000 0.000000 0.290003 0.000000 0.957026 0.000000 0.000000 0.000000 0.000000 1.000000
0.953903 0.000000 -0.300114 2.481158 0.000000 1.000000 0.000000 0.000000 0.300114 0.000000 0.953903 0.000000 0.000000 0.000000 0.000000 1.000000
0.950731 0.000000 -0.310016 2.481158 0.000000 1.000000 0.000000 0.000000 0.310016 0.000000 0.950731 0.000000 0.000000 0.000000 0.000000 1.000000
0.947519 0.000000 -0.319700 2.481158 0.000000 1.000000 0.000000 0.000000 0.319700 0.000000 0.947519 0.000000 0.000000 0.000000 0.000000 1.000000
0.944275 0.000000 -0.329159 2.481158 0.000000 1.000000 0.000000 0.000000 0.329159 0.000000 0.944275 0.000000 0.000000 0.000000 0.000000 1.000000
0.941009 0.000000 -0.338383 2.481158 0.000000 1.000000 0.000000 0.000000 0.338383 0.000000 0.941009 0.000000 0.000000 0.000000 0.000000 1.000000
0.937730 0.000000 -0.347365 2.481158 0.000000 1.000000 0.000000 0.000000 0.347365 0.000000 0.937730 0.000000 0.000000 0.000000 0.000000 1.000000
0.934449 0.000000 -0.356096 2.481158 0.000000 1.000000 0.000000 0.000000 0.356096 0.000000 0.934449 0.000000 0.000000 0.000000 0.000000 1.000000
0.931176 0.000000 -0.364570 2.481158 0.000000 1.000000 0.000000 0.000000 0.364570 0.000000 0.931176 0.000000 0.000000 0.000000 0.000000 1.000000
0.927921 0.000000 -0.372778 2.481158 0.000000 1.000000 0.000000 0.000000 0.372778 0.000000 0.927921 0.000000 0.000000 0.000000 0.000000 1.000000
0.924693 0.000000 -0.380712 2.481158 0.000000 1.000000 0.000000 0.000000 0.380712 0.000000 0.924693 0.000000 0.000000 0.000000 0.000000 1.000000
0.921505 0.000000 -0.388367 2.481158 0.000000 1.000000 0.000000 0.000000 0.388367 0.000000 0.921505 0.000000 0.000000 0.000000 0.000000 1.000000
0.918365 0.000000 -0.395735 2.481158 0.000000 1.000000 0.000000 0.000000 0.395735 0.000000 0.918365 0.000000 0.000000 0.000000 0.000000 1.000000
0.915284 0.000000 -0.402808 2.481158 0.000000 1.000000 0.000000 0.000000 0.402808 0.000000 0.915284 0.000000 0.000000 0.000000 0.000000 1.000000
0.912274 0.000000 -0.409581 2.481158 0.000000 1.000000 0.000000 0.000000 0.409581 0.000000 0.912274 0.000000 0.000000 0.000000 0.000000 1.000000
0.909344 0.000000 -0.416045 2.481158 0.000000 1.000000 0.000000 0.000000 0.416045 0.000000 0.909344 0.000000 0.000000 0.000000 0.000000 1.000000
0.906504 0.000000 -0.422196 2.481158 0.000000 1.000000 0.000000 0.000000 0.422196 0.000000 0.906504 0.000000 0.000000 0.000000 0.000000 1.000000
0.903766 0.000000 -0.428026 2.481158 0.000000 1.000000 0.000000 0.000000 0.428026 0.000000 0.903766 0.000000 0.000000 0.000000 0.000000 1.000000
0.901140 0.000000 -0.433529 2.481158 0.000000 1.000000 0.000000 0.000000 0.433529 0.000000 0.901140 0.000000 0.000000 0.000000 0.000000 1.000000
0.898635 0.000000 -0.438698 2.481158 0.000000 1.000000 0.000000 0.000000 0.438698 0.000000 0.898635 0.000000 0.000000 0.000000 0.000000 1.000000
0.896261 0.000000 -0.443527 2.481158 0.000000 1.000000 0.000000 0.000000 0.443527 0.000000 0.896261 0.000000 0.000000 0.000000 0.000000 1.000000
0.894029 0.000000 -0.448010 2.481158 0.000000 1.000000 0.000000 0.000000 0.448010 0.000000 0.894029 0.000000 0.000000 0.000000 0.000000 1.000000
0.891947 0.000000 -0.452139 2.481158 0.000000 1.000000 0.000000 0.000000 0.452139 0.000000 0.891947 0.000000 0.000000 0.000000 0.000000 1.000000
0.890026 0.000000 -0.455909 2.481158 0.000000 1.000000 0.000000 0.000000 0.455909 0.000000 0.890026 0.000000 0.000000 0.000000 0.000000 1.000000
0.888275 0.000000 -0.459313 2.481158 0.000000 1.000000 0.000000 0.000000 0.459313 0.000000 0.888275 0.000000 0.000000 0.000000 0.000000 1.000000
0.886701 0.000000 -0.462344 2.481158 0.000000 1.000000 0.000000 0.000000 0.462344 0.000000 0.886701 0.000000 0.000000 0.000000 0.000000 1.000000
